1.4793813732714978,-1.6093879688352677,-2.0670964851786144,-0.9091467839681615,3.1341579799398946,-1.6492187253068955,0.005980405635930636,0.3112035265216134,0.7508639905728959,0.5940428083416852,-0.8268181885403159,0.7302189725848124,1.2899366480784913,-3.063578867849282,1.521559824626848,-2.4598155314791255,-0.15476173224738685,-1.6533640062150095,-1.4757992173299461,-1.7594384622942634,0.9080502296089401,-2.2293531333351986,-2.572197650516101,-0.901392305258911,2.3261174607625774,1.0538544475699947,-2.29614942384788,0.5192267244857698,0.38455787163577926,1.4840973056477438,1.7935923744124467,-2.002496991079159,-2.396150625007294,-0.16680643775593681,-2.976286820511198,-2.0209470223812023,-0.18404594089937218,-0.6249245382645577,-0.49910407961168435,-2.900030368331355,-0.05901527717730906,0.16292728848312718,0.8345549114835016,1.9895228928549984,-1.1110530893526027,-0.43191856713614174,-0.1490507090688169,0.8469448252116938
numHidden 	5
numGenes 	48
minGene 	-3.0
maxGene 	3.0
popSize 	40
maxEvaluations 	20000
mutateRate 	0.04
mutateChange 	0.1
seed 	1582907070412
random 	java.util.Random@72650deb
neuralNetworkClass 	class coursework.ExampleEvolutionaryAlgorithm
Training Set Training
Fitness 0.10505603282273412