-2.0731203979925645,0.19350713097447148,-0.6935833075791525,-2.585084102114501,1.3361916486968433,2.8977339138952085,2.8013220756697685,-0.1747318585038382,2.6892906236904226,0.40793174130108945,-1.4178860043142394,-1.5450957465715414,2.164857752382677,0.5091006633940239,-2.8336022492780435,-1.7724076368229595,0.34230401800280263,3.2855693448809875,-0.6448747967554672,0.7133979960278519,1.1701040700178909,-2.1320665679819437,-0.8015501225637743,-2.740668582925388,3.2134729422313786,-0.7346974017403625,2.2086192018665356,-0.4528919510972673,0.2566483391082972,2.7589448331982838,0.24951877498685304,-0.9222773448578407,-0.0925586370185224,-1.693831838054722,-2.222115735447147,-3.3269092396814215,1.5861207728784712,-1.0863436114816798,-2.426026220739663,2.953283241997847,2.1920627056473716,1.6853536876130955,1.7133953939761013,-1.8549353722863269,1.1513396428002105,-0.051892665163705054,-1.9401883236130262,2.3627141480699727,0.41786693319318724,0.8163535810401258,2.27802152854754,-2.6421629623184506,-1.5904352647636104,1.4297037022850225,-1.4392867660618593,-3.5268824401679875,2.0314115312774415,-0.0759655037211181,-0.35161914899327407,-0.1321419886198415,-2.1211418976387644,0.8136382464120012,1.484159750889722,-2.5369927679766495,0.6644220147010992,-2.019442690906217,-2.793775930138618,1.6052095496074301,2.033636171789011,-2.3459524754133345,-0.007319938659206104,0.932578306691309,-0.3749096704766173,-1.306336810164721,-1.8907641782404645,0.990422594145369,-1.1425399578279327,2.5989998764266784,-1.8029614782378318,-2.1583584407504484,1.5919592053016922,0.559361694015939,-0.08732222859645711,-0.24951271686840892,2.0096042063023507,-1.7656411956388522,-0.6555361033259772,2.339876420600184,-2.6416727802573563,3.603965731225098,1.6359560947920286,0.2906417249290375,-2.9783737505120635
numHidden 	10
numGenes 	93
minGene 	-3.0
maxGene 	3.0
popSize 	40
maxEvaluations 	20000
mutateRate 	0.04
mutateChange 	0.35
seed 	1582909129676
random 	java.util.Random@72650deb
neuralNetworkClass 	class coursework.ExampleEvolutionaryAlgorithm
Training Set Training
Fitness 0.007997200301575733